3971,181,4152
1427,165,1592
2884,823,3707
1329,394,1723
652,331,983
1867,957,2824
5733,1942,7675
4499,1615,6114
1947,-,-
2693,695,3388
2075,1398,3473
1196,1179,2375
2601,423,3024
1021,2224,3245
4043,0,4043
2977,1367,4344
1896,1417,3313
2827,1327,4154
2782,598,3380
1907,1180,3087
4228,932,5160
2981,511,3492
3087,448,3535
1298,-,-
3129,786,3915
2911,773,3684
1718,308,2026
3147,1105,4252
2727,1334
3850,2726
1262,1160
2872,2628
3023,619
1987,625
2590,0
2300,1296
1309,762
4089,516
993,0
1693,461
2146,3640
1177,478
2698,525
979,799
915,1876
3378,1884
2555,1351
2578,363
3180,1176
1582,133
3311,2628
1578.308
1307,662
2204,2236
